[0] 1,8,16,25
[1] 2,9,17,-
[2] 3,10,18,27
[3] 4,11,-,28
[4] -,-,20,29
[-]
[6] 7,14,22,31
[7] 8,15,23,32
[8] 9,16,24,-
[9] 10,17,25,34
[10] 11,18,-,35
[11] -,-,27,36
[-]
[13] 14,21,29,38
[14] 15,22,30,39
[15] 16,23,31,-
[16] 17,24,32,41
[17] 18,25,-,42
[18] -,-,34,43
[-]
[20] 21,28,36,45
[21] 22,29,37,46
[22] 23,30,38,-
[23] 24,31,39,48
[24] 25,32,-,49
[25] -,-,41,0
[-]
[27] 28,35,43,2
[28] 29,36,44,3
[29] 30,37,45,4
[30] 31,38,46,-
[31] 32,39,-,6
[32] -,-,48,7
[-]
[34] 35,42,0,9
[35] 36,43,1,10
[36] 37,44,2,11
[37] 38,45,3,-
[38] 39,46,4,13
[39] -,-,-,14
[-]
[41] 42,49,7,16
[42] 43,0,8,17
[43] 44,1,9,18
[44] 45,2,10,-
[45] 46,3,11,20
[46] -,4,-,21
[-]
[48] 49,6,14,23
[49] 0,7,15,24

[0] 1,8,16,25
[1] 2,9,17,-
[2] -,10,18,-
[-]
[4] -,-,20,6
[-]
[6] -,14,22,-
[-]
[8] 9,16,24,10
[9] 10,17,25,34
[10] -,18,-,-
[-]
[-]
[13] 14,21,29,38
[14] -,22,30,-
[-]
[16] 17,24,32,18
[17] 18,25,-,42
[18] -,-,34,-
[-]
[20] 21,28,36,22
[21] 22,29,37,46
[22] -,30,38,-
[-]
[24] 25,32,-,-
[25] -,-,41,0
[-]
[-]
[28] 29,36,44,30
[29] 30,37,45,4
[30] -,38,46,-
[-]
[32] -,-,48,34
[-]
[34] -,42,0,9
[-]
[36] 37,44,2,38
[37] 38,45,-,-
[38] -,46,4,13
[-]
[-]
[41] 42,49,-,16
[42] -,0,8,17
[-]
[44] 45,2,10,46
[45] 46,-,-,20
[46] -,4,-,21
[-]
[48] 49,6,14,0
[49] 0,-,-,24
